t=[133750.1733317689
133750.17459394224
133750.2232337116
133750.22353542634
133750.2897299653
133750.29002832767
133750.35647429558
133750.3913902345
133750.3916777016
133750.44677584272
133750.44714879565
133750.51422249788
133750.5565187147
133750.55681540087
133750.6233527213
133750.62365695034
133750.6822742587
133750.72632209727
133750.7266212977
133750.77862518647
133750.77892690123
133750.84873615045
133750.8874210094
133750.88771685748
133750.95427010173
133750.9545667879
133751.0153656615
133751.05026735278
133751.0505782866
133751.10229889874
133751.10260983254
133751.16927454364
133751.21124390286
133751.21152550328
133751.27824217637
133751.32318929248
133751.32349435962
133751.37936773998
133751.37967029284
133751.43425551886
133751.43453963357
133751.50144571648
133751.5516083072
133751.5519251077
133751.59664007107
133751.65253272766
133751.65284533767
133751.70818485058
133751.7084899177
133751.76350676344
133751.76381015437
133751.83129871436
133751.88115288556
133751.88146046698
133751.92614944937
133751.98222564912
133751.98252904005
133752.03827502974
133752.0385775826
133752.09332288508
133752.0936254379
133752.16099666437
133752.2109639786
133752.21127407433
133752.25610469503
133752.31208535176
133752.3123870665
133752.36821854205
133752.36852360918
133752.42298395882
133752.4578378786
133752.49239511223
133752.5410482911
133752.5413173201
133752.5860306073
133752.63988333696
133752.6401607469
133752.69503846864
133752.69531755478
133752.752283813
133752.7525520039
133752.82307950183
133752.87197656682
133752.8722481101
133752.91696894015
133752.97117953704
133752.97147370892
133753.02713672706
133753.0274183275
133753.08210999178
133753.0824016494
133753.16199316113
133753.1946361823
133753.19489431602
133753.26132268392
133753.3041410349
133753.30439581623
133753.3610896931
133753.3613536935
133753.4180609799
133753.41838113277
133753.4849410818
133753.53288523108
133753.53313498382
133753.57786922343
133753.6277795471
133753.62803097605
133753.6838875945
133753.6841457282
133753.7397609749
133753.74008028966
133753.80590522804
133753.85590187565
133753.8561533046
133753.92295127307
133753.9580298027
133753.95828290787
133754.0148887846
133754.01531286142
133754.0697422015
133754.0699877638
133754.13716538996
133754.18584622606
133754.18610771216
133754.23315258385
133754.2866583416
133754.28691060861
133754.34184029233
133754.34210345463
133754.3972351196
133754.39760304397
133754.46434569804
133754.51373472568
133754.51398531656
133754.5807338373
133754.6195301631
133754.61978997302
133754.6787400057
133754.67899562515
133754.73373087044
133754.73399068037
133754.8005808009
133754.84982148543
133754.85010727635
133754.8946881443
133754.94979969494
133754.95006201914
133755.01654402522
133755.01679629227
133755.07184582375
133755.11906585764
133755.11941785816
133755.16806684659
133755.16957458222
133755.23728356158
133755.2809291138
133755.28118389513
133755.34736670073
133755.34763572973
133755.4021178699
133755.44344524716
133755.4436966761
133755.50871536566
133755.50896092795
133755.5737374076
133755.60552137985
133755.60576945642
133755.6713303944
133755.67158014717
133755.72627935433
133755.77756415628
133755.7778264805
133755.8265701738
133755.82682663135
133755.89370086658
133755.9386211636
133755.93889270688
133756.0035141387
133756.0037714343
133756.05850332725
133756.10866759415
133756.10893662315
133756.1576694212
133756.15793174543
133756.22249031998
133756.26733015975
133756.26758996965
133756.33058381802
133756.33084446605
133756.38631136963
133756.42962754992
133756.4298965789
133756.49746727233
133756.49772875843
133756.56371293517
133756.59456913458
133756.59482056354
133756.65840526996
133756.6586566989
133756.71442615532
133756.7645032602
133756.76476223202
133756.81438676477
133756.81463819373
133756.87918335875
133756.925347391
133756.92560636284
133756.98937712668
133756.98963861278
133757.0453812501
133757.0953326405
133757.09558239326
133757.14448700112
133757.14474178245
133757.2109245881
133757.25731574447
133757.2575763925
133757.32253306292
133757.32279538712
133757.37747280378
133757.4183291708
133757.41856802828
133757.48331433648
133757.48358001307
133757.54840845472
133757.58637757925
133757.58663738915
133757.65044251495
133757.65213211754
133757.7082787174
133757.74777485375
133757.74804388275
133757.81453678405
133757.81480078446
133757.88298161217
133757.91274074322
133757.91304413415
133757.9783787861
133757.97871067232
133758.03327913643
133758.08755259056
133758.08780066713
133758.1371804757
133758.13743022847
133758.20233828927
133758.2431443705
133758.24341758998
133758.30708778222
133758.30735094452
133758.36218592332
133758.41213815182
133758.4123879046
133758.46160596053
133758.46188420858
133758.5261243065
133758.57384552204
133758.5740986272
133758.64057392848
133758.68145040981
133758.6818887343
133758.7422534739
133758.74251160765
133758.79511222112
133758.79537035484
133758.8602708728
133758.90610134264
133758.90636701923
133758.9701076116
133759.0141646692
133759.01441442195
133759.07505824772
133759.0753222481
133759.12821870967
133759.1284776815
133759.1932424278
133759.24002665147
133759.2402797566
133759.41841465663
133759.41867698083
133759.4192418579
133759.4193809819
133759.41956201076];
